149 -135 539
144 -133 540
144 -133 540
142 -134 538
144 -133 538
143 -137 539
143 -137 539
146 -137 540
139 -132 542
137 -133 540
141 -125 542
141 -125 542
144 -118 542
151 -110 545
154 -106 544
154 -106 544
163 -97 545
168 -88 545
178 -84 543
178 -84 543
193 -74 543
202 -57 542
205 -40 543
209 -34 541
209 -34 541
210 -31 545
212 -22 541
213 -20 540
213 -20 540
211 -15 541
212 -14 543
210 -7 542
210 -7 542
212 3 544
207 5 546
208 5 542
208 4 547
208 4 547
207 6 545
203 10 543
206 5 544
206 5 544
199 6 547
207 20 544
201 33 543
185 47 550
185 47 550
166 57 552
144 64 552
142 64 550
142 64 550
140 72 552
140 76 553
137 77 552
137 77 552
133 80 552
123 87 555
113 92 553
106 104 548
106 104 548
90 106 551
85 111 551
86 109 549
86 109 549
82 110 551
80 108 550
82 114 551
82 114 551
72 118 549
73 119 548
67 118 549
56 104 551
56 104 551
48 98 550
51 88 554
61 86 552
61 86 552
56 79 554
60 77 553
64 80 552
64 80 552
67 79 553
59 78 553
54 82 553
46 81 549
46 81 549
38 74 551
19 52 553
5 49 549
5 49 549
-4 50 550
-11 46 547
-13 46 546
-15 31 547
-15 31 547
-19 29 547
-17 29 547
-19 26 548
-19 26 548
-21 11 546
-19 2 546
-16 -9 548
-16 -9 548
-12 -17 548
-10 -13 551
-7 -8 547
-9 -14 550
-9 -14 550
-9 -10 550
-9 -16 548
-9 -19 548
-9 -19 548
-8 -22 547
-11 -25 549
-7 -27 549
-7 -27 549
-3 -27 549
-4 -31 548
0 -35 549
6 -38 549
6 -38 549
3 -43 550
6 -59 549
11 -67 549
11 -67 549
17 -71 548
12 -70 549
14 -67 546
14 -67 546
19 -68 549
27 -67 550
39 -72 548
53 -74 553
53 -74 553
49 -89 549
45 -89 549
47 -83 551
47 -83 551
40 -81 546
30 -91 548
34 -84 548
34 -84 548
40 -69 549
38 -84 549
38 -88 547
46 -83 546
46 -83 546
51 -80 551
58 -84 551
54 -96 545
54 -96 545
60 -120 547
69 -119 542
77 -124 544
77 -124 544
85 -121 544
80 -120 543
86 -121 544
88 -125 545
88 -125 545
93 -129 544
100 -129 540
109 -134 540
109 -134 540
113 -131 543
108 -130 543
106 -132 543
110 -118 545
110 -118 545
109 -115 544
105 -118 544
119 -122 545
119 -122 545
122 -118 545
131 -113 543
141 -114 545
141 -114 545
147 -111 542
155 -108 544
164 -104 542
175 -106 543
175 -106 543
177 -101 540
186 -98 539
195 -97 538
195 -97 538
204 -90 538
211 -85 537
224 -79 535
224 -79 535
226 -74 533
225 -70 532
236 -68 531
245 -76 529
245 -76 529
245 -81 528
240 -79 528
238 -77 532
238 -77 532
236 -74 534
228 -73 531
225 -75 533
222 -79 534
222 -79 534
209 -96 532
215 -110 530
216 -114 532
216 -114 532
192 -107 539
186 -101 537
189 -104 536
189 -104 536
190 -104 533
190 -112 535
188 -111 535
192 -109 534
192 -109 534
187 -109 534
185 -114 535
185 -113 535
185 -113 535
187 -115 539
187 -114 535
186 -112 534
186 -112 534
189 -111 533
186 -113 536
188 -113 536
184 -112 537
184 -112 537
183 -112 538
182 -111 538
184 -109 533
184 -109 533
185 -109 536
183 -108 536
185 -110 537
189 -113 536
189 -113 536
182 -112 537
182 -109 537
185 -110 534
185 -110 534
182 -106 539
184 -104 540
186 -104 537
186 -104 537
182 -102 539
186 -103 536
185 -104 538
190 -102 540
190 -102 540
185 -104 537
183 -101 541
183 -101 540
183 -101 540
185 -99 541
180 -100 536
187 -100 536
187 -100 536
190 -95 538
182 -99 539
187 -101 540
185 -100 539
185 -100 539
183 -100 541
185 -99 540
188 -99 537
188 -99 537
180 -101 540
181 -100 537
187 -99 540
191 -95 538
191 -95 538
182 -93 542
187 -94 539
191 -94 539
191 -94 539
184 -93 537
189 -91 540
192 -93 540
192 -93 540
189 -92 538
186 -92 543
189 -90 539
192 -88 539
192 -88 539
188 -91 540
191 -88 540
193 -88 539
193 -88 539
191 -88 538
190 -86 536
193 -87 540
193 -85 541
195 -85 541
186 -82 539
189 -86 539
192 -85 540
192 -85 540
188 -83 541